50
3
1 2 3
2 3 5
3 5 6
2 3 4
1 2 3
2
2 4
6 8
2 6
4
9 12 15 17
6 8 9 12
3 4 6 9
3 6 9 11
9 11 12 15
11 13 16 17
4 8 11 13
3
12 13 18
8 10 13
9 10 13
5 9 10
5 8 12
7
26 38 62 74 92 105 118
1 12 16 17 29 40 59
71 103 120 155 160 167 196
49 63 85 99 117 131 159
51 81 92 100 128 137 173
16 62 66 85 92 113 120
40 105 123 131 137 162 167
59 118 146 159 173 181 196
12 38 61 63 81 83 103
29 92 113 117 128 150 160
17 74 82 99 100 135 155
66 83 113 135 150 162 181
1 26 39 49 51 66 71
10
3 5 7 8 11 12 15 16 18 19
7 8 10 12 13 16 17 18 21 23
8 9 11 13 17 18 20 21 23 24
1 3 5 6 8 10 12 14 16 18
14 15 16 18 22 23 26 28 29 30
13 15 16 19 20 22 24 26 28 30
3 5 6 7 9 12 14 15 18 19
5 6 9 10 13 15 16 18 19 20
16 18 19 21 24 26 28 30 32 34
5 7 9 10 11 14 15 16 19 21
15 16 18 20 21 24 26 28 30 32
18 19 21 23 25 28 30 32 33 36
11 12 15 17 18 21 22 23 26 28
18 19 20 23 24 26 29 30 34 36
6 7 10 12 15 17 19 20 21 23
12 14 15 17 21 22 24 26 28 29
10 12 14 16 19 21 22 24 25 26
17 18 19 21 23 25 28 29 32 33
1 3 5 7 9 11 13 15 17 18
3
1 4 5
4 5 9
5 9 10
4 5 8
1 4 7
4
8 9 12 13
1 2 3 7
7 10 11 13
3 5 6 11
2 4 5 10
1 2 3 8
2 4 5 9
2
6 8
2 4
4 8
2
2 6
2 4
4 8
10
8 16 23 29 34 38 41 43 44 60
2 10 11 12 13 14 15 16 17 49
46 48 50 53 55 56 59 61 62 64
5 13 20 26 31 32 33 34 35 54
9 17 24 30 35 39 42 44 45 63
9 17 24 30 35 39 42 44 45 62
6 14 21 27 32 36 37 38 39 57
3 11 18 19 20 21 22 23 24 50
1 2 3 4 5 6 7 8 9 47
6 14 21 27 32 36 37 38 39 56
4 12 19 25 26 27 28 29 30 53
1 2 3 4 5 6 7 8 9 46
2 10 11 12 13 14 15 16 17 48
7 15 22 28 33 37 40 41 42 59
47 49 51 52 54 57 58 60 63 64
8 16 23 29 34 38 41 43 44 61
3 11 18 19 20 21 22 23 24 51
5 13 20 26 31 32 33 34 35 55
7 15 22 28 33 37 40 41 42 58
2
3 6
3 4
4 8
4
1 5 9 13
1 2 3 4
3 7 11 15
13 14 15 16
5 6 7 8
4 8 12 16
9 10 11 12
7
4 6 8 9 10 13 14
2 4 6 8 9 10 11
8 10 11 13 15 16 17
4 6 8 10 11 13 14
10 13 15 16 18 19 21
5 8 10 11 12 15 17
12 14 16 17 20 21 24
7 9 11 13 14 16 18
9 11 12 14 16 18 20
9 10 13 15 16 18 20
11 14 17 18 20 22 24
6 8 10 11 13 14 16
2 4 5 7 9 11 12
10
2 5 6 8 10 12 14 16 19 22
20 23 26 27 32 35 38 39 41 44
8 10 13 14 19 20 21 24 27 31
12 14 16 19 22 23 24 26 27 31
13 15 18 20 25 27 29 30 31 34
9 12 13 14 17 19 22 25 26 29
22 23 25 29 31 34 37 39 44 47
16 20 21 25 26 30 31 34 39 42
19 20 23 24 29 31 33 34 35 39
23 24 29 31 33 36 40 42 45 47
16 18 19 21 26 28 30 31 34 37
14 17 20 22 24 29 30 33 38 40
12 16 17 19 23 27 28 31 35 36
2 3 6 9 12 13 16 19 20 23
5 6 8 12 14 15 18 20 23 24
6 8 10 13 16 18 19 23 26 29
19 21 22 26 27 31 34 35 41 45
10 13 14 17 22 25 26 29 32 33
6 8 10 13 14 17 20 21 22 25
7
5 10 14 17 19 20 31
3 8 12 13 14 15 27
1 2 3 4 5 6 22
23 25 27 28 31 33 34
6 11 15 18 20 21 33
2 7 8 9 10 11 25
4 9 13 16 17 18 29
2 7 8 9 10 11 24
3 8 12 13 14 15 26
6 11 15 18 20 21 32
1 2 3 4 5 6 23
4 9 13 16 17 18 28
22 24 26 29 30 32 34
2
22 222
2 22
22 222
3
5 6 8
8 16 20
5 7 8
7 11 16
8 16 20
2
6 8
4 8
2 6
3
7 13 19
2 6 10
6 11 13
10 14 19
4 11 14
10
3 13 23 33 43 53 63 73 83 93
11 12 13 14 15 16 17 18 19 20
31 32 33 34 35 36 37 38 39 40
41 42 43 44 45 46 47 48 49 50
71 72 73 74 75 76 77 78 79 80
51 52 53 54 55 56 57 58 59 60
4 14 24 34 44 54 64 74 84 94
91 92 93 94 95 96 97 98 99 100
10 20 30 40 50 60 70 80 90 100
7 17 27 37 47 57 67 77 87 97
1 2 3 4 5 6 7 8 9 10
21 22 23 24 25 26 27 28 29 30
81 82 83 84 85 86 87 88 89 90
8 18 28 38 48 58 68 78 88 98
9 19 29 39 49 59 69 79 89 99
61 62 63 64 65 66 67 68 69 70
5 15 25 35 45 55 65 75 85 95
2 12 22 32 42 52 62 72 82 92
1 11 21 31 41 51 61 71 81 91
10
21 23 26 29 32 33 36 39 42 43
3 6 9 12 14 16 17 18 20 21
10 14 15 16 21 24 26 27 32 33
4 6 9 10 13 14 16 20 23 26
11 13 15 18 21 23 26 27 31 34
12 16 19 20 23 25 29 30 33 35
15 17 21 22 26 28 31 32 36 37
8 10 11 15 16 20 22 25 28 30
5 9 10 14 15 19 21 24 25 27
15 16 19 23 26 29 31 33 36 38
12 14 16 20 24 25 28 30 32 36
20 21 27 30 34 36 38 41 43 44
7 12 14 15 18 20 23 25 29 30
24 26 28 30 33 35 37 42 43 44
2 3 5 8 11 12 15 18 21 24
18 20 22 25 27 30 32 36 38 41
5 9 10 11 15 16 19 22 26 28
17 18 24 25 27 30 33 36 39 42
2 4 5 7 10 12 15 17 18 20
4
2 5 6 7
1 2 3 4
3 7 9 10
4 6 9 10
3 5 7 8
6 7 10 11
4 8 10 11
4
2 6 8 9
9 11 14 19
8 9 13 16
4 8 9 11
6 8 9 12
11 12 16 19
8 9 13 14
4
1 2 3 4
1 2 3 4
2 3 4 5
4 5 6 7
2 3 4 5
4 5 6 7
3 4 5 6
2
3 7
5 7
2 5
6
9 11 14 16 17 20
7 8 11 13 15 16
8 9 12 15 16 18
3 4 7 8 9 11
7 8 10 13 15 16
1 3 5 7 8 9
8 10 12 15 16 17
5 7 9 10 12 14
9 11 14 16 18 20
1 3 5 7 8 9
3 4 7 8 10 11
6
5 8 9 11 14 15
11 14 15 17 18 19
4 6 8 10 11 13
9 12 14 16 17 18
7 10 11 13 16 17
8 10 11 13 14 16
10 13 14 16 18 19
2 3 5 7 9 10
2 4 6 8 9 11
6 8 9 11 12 14
9 11 12 14 17 18
5
4 7 8 11 14
8 11 12 14 17
6 8 10 12 13
1 3 6 8 10
8 11 12 14 16
3 7 8 11 12
10 14 15 16 20
1 4 7 8 10
7 8 10 12 15
8
1 4 5 7 8 11 12 13
18 19 20 28 29 34 35 37
7 13 16 17 20 23 26 28
7 11 13 17 21 22 26 28
13 23 27 28 29 34 36 37
1 3 4 7 9 12 15 18
4 7 10 11 14 16 17 19
11 19 20 22 24 26 31 34
12 16 18 23 25 26 31 34
5 10 11 13 16 18 19 20
15 17 19 26 28 31 34 36
12 22 25 26 28 31 34 35
9 14 16 20 22 24 28 29
3 7 10 13 16 19 22 23
4 10 11 16 19 20 25 27
4
5 8 9 11
3 6 8 9
1 3 4 6
3 4 6 8
1 2 3 5
2 4 6 8
4 6 8 9
10
19 23 26 36 39 41 43 50 51 61
2 6 8 9 10 14 18 19 23 26
3 9 12 14 15 17 19 23 26 29
12 24 29 31 32 34 39 41 43 47
14 17 24 31 32 34 41 44 49 53
26 29 31 41 46 47 49 52 55 64
2 3 7 9 10 12 16 19 20 24
19 30 36 38 42 44 46 50 51 52
8 12 16 21 25 29 33 36 39 42
7 13 16 20 21 24 25 26 29 31
16 26 33 37 39 41 42 43 47 49
9 14 20 24 28 31 37 38 43 46
9 17 21 24 27 31 32 36 40 41
10 15 21 27 29 32 39 42 46 50
23 26 29 40 42 43 47 51 54 62
6 9 13 17 20 24 26 30 33 36
18 19 25 32 35 39 42 46 50 57
20 33 39 43 46 49 50 51 54 55
10 20 25 28 29 32 35 39 42 46
7
18 22 26 27 34 36 40
3 7 13 14 17 22 26
4 9 17 20 21 26 30
2 6 10 13 15 18 20
9 14 20 26 30 34 37
15 17 21 23 30 32 33
6 7 9 11 14 15 18
13 18 25 30 33 40 41
11 15 23 29 32 36 39
6 11 18 22 23 27 33
10 13 17 18 20 23 25
13 14 20 22 26 29 30
20 26 30 33 37 39 41
8
2 4 6 8 10 11 13 15
6 8 10 11 12 15 16 17
1 2 4 6 7 8 10 12
4 6 7 10 11 13 14 16
8 11 13 15 16 18 19 21
2 4 6 7 10 11 12 14
10 13 14 16 17 20 21 23
8 10 11 12 13 16 17 19
4 6 7 8 11 13 15 16
6 7 8 11 12 15 16 17
10 11 13 15 17 18 20 21
11 12 15 16 18 19 21 23
12 14 16 17 20 21 23 24
7 10 11 12 13 17 18 20
1 2 4 6 8 10 11 12
7
13 14 19 23 24 26 28
7 13 16 18 20 23 25
11 18 22 23 26 28 30
2 3 5 7 8 10 11
5 10 12 14 17 19 22
8 11 14 18 19 22 23
7 9 12 16 18 19 22
10 12 17 20 23 25 26
3 8 9 11 12 14 19
2 5 7 8 10 13 16
8 15 18 19 23 24 26
10 17 19 22 25 26 28
16 19 22 25 26 28 30
10
80 117 142 145 164 178 184 199 216 220
137 144 162 167 200 216 252 283 325 350
59 87 96 111 119 126 138 152 167 209
33 50 66 68 91 110 120 129 144 179
79 110 119 126 141 178 215 237 254 271
112 129 132 152 179 199 236 275 300 305
87 120 127 138 156 184 223 260 267 275
162 179 198 209 217 220 262 289 350 369
39 66 74 96 107 142 165 174 204 225
87 133 165 185 192 215 223 236 252 262
36 50 71 87 104 117 133 158 183 206
109 158 174 201 212 237 260 275 283 289
64 104 107 132 135 141 156 179 200 217
44 68 96 111 132 145 185 201 217 248
121 206 225 248 262 271 275 305 350 369
46 71 74 96 97 119 127 132 162 198
12 36 39 44 57 79 87 112 137 162
57 91 97 119 135 164 192 212 223 262
12 33 46 59 64 80 87 109 110 121
3
3 4 5
3 4 5
2 3 4
1 2 3
2 3 4
3
3 4 5
1 2 3
1 2 3
2 3 4
3 4 5
3
3 4 5
1 2 3
2 3 4
2 3 4
1 2 3
10
6 7 8 9 10 11 12 13 14 15
6 7 8 9 10 11 12 13 14 15
5 6 7 8 9 10 11 12 13 14
3 4 5 6 7 8 9 10 11 12
8 9 10 11 12 13 14 15 16 17
9 10 11 12 13 14 15 16 17 18
2 3 4 5 6 7 8 9 10 11
5 6 7 8 9 10 11 12 13 14
10 11 12 13 14 15 16 17 18 19
1 2 3 4 5 6 7 8 9 10
4 5 6 7 8 9 10 11 12 13
3 4 5 6 7 8 9 10 11 12
8 9 10 11 12 13 14 15 16 17
7 8 9 10 11 12 13 14 15 16
9 10 11 12 13 14 15 16 17 18
7 8 9 10 11 12 13 14 15 16
2 3 4 5 6 7 8 9 10 11
4 5 6 7 8 9 10 11 12 13
1 2 3 4 5 6 7 8 9 10
7
2 9 16 23 30 37 44
43 44 45 46 47 48 49
7 14 21 28 35 42 49
15 16 17 18 19 20 21
1 2 3 4 5 6 7
1 8 15 22 29 36 43
29 30 31 32 33 34 35
8 9 10 11 12 13 14
22 23 24 25 26 27 28
3 10 17 24 31 38 45
5 12 19 26 33 40 47
36 37 38 39 40 41 42
4 11 18 25 32 39 46
10
14 16 23 25 28 30 33 35 37 40
8 13 19 22 25 26 30 34 38 39
6 12 16 20 21 25 28 32 35 37
7 9 12 14 16 19 20 23 25 26
11 18 23 28 30 31 35 38 41 45
1 2 3 4 6 8 9 11 12 13
13 22 26 30 32 33 40 44 45 51
16 18 26 29 32 34 37 38 41 44
9 16 20 25 26 27 33 37 39 42
2 7 9 10 11 14 16 18 20 22
4 10 14 18 19 24 25 29 32 33
3 8 12 15 18 21 23 26 29 30
20 22 30 33 37 39 42 45 48 51
8 10 15 18 20 22 25 28 29 30
19 20 29 32 35 38 39 41 42 45
4 7 8 10 12 13 16 18 19 22
9 11 18 19 21 25 26 30 31 32
1 4 7 8 9 11 14 16 19 20
11 14 21 24 25 26 27 31 32 33
6
9 17 21 25 26 30
11 14 20 24 28 30
2 4 6 8 10 11
4 5 8 12 13 17
2 4 5 6 8 9
6 7 12 15 17 21
8 13 17 22 25 28
5 8 12 15 18 20
6 12 15 19 23 24
4 5 7 10 11 14
8 10 15 19 22 25
8
3 7 9 11 13 15 16 18
9 12 13 15 19 20 21 24
1 2 3 5 7 9 10 11
1 3 4 6 8 10 11 12
12 15 18 20 22 24 25 26
6 8 11 12 14 15 16 18
10 13 15 16 20 21 23 25
3 5 7 9 11 12 13 14
4 6 9 10 12 13 15 17
2 5 6 8 9 12 14 15
8 9 13 15 17 19 20 22
11 14 17 18 22 23 25 26
5 9 10 12 15 17 19 20
7 11 12 14 17 18 20 22
11 14 16 19 20 21 23 25
2
4 7
7 8
5 8
4
11 16 19 20
2 3 7 11
3 6 8 12
2 4 5 6
7 9 11 17
4 6 9 16
5 8 11 19
7
3 4 5 6 7 8 9
5 6 7 8 9 10 11
4 5 6 7 8 9 10
7 8 9 10 11 12 13
3 4 5 6 7 8 9
1 2 3 4 5 6 7
2 3 4 5 6 7 8
5 6 7 8 9 10 11
2 3 4 5 6 7 8
6 7 8 9 10 11 12
1 2 3 4 5 6 7
4 5 6 7 8 9 10
6 7 8 9 10 11 12
7
6 9 13 16 20 24 28
2 6 8 9 12 15 17
16 28 29 35 38 41 48
2 4 7 8 12 14 16
7 13 17 20 22 24 28
14 24 27 31 35 40 44
12 20 23 28 29 36 40
15 22 24 32 36 40 41
12 19 22 28 29 35 38
8 13 17 19 23 27 29
8 16 19 24 28 32 36
17 24 28 36 40 44 48
9 15 20 24 28 31 35
2
2 22
22 222
2 22
4
48 57 86 108
12 28 49 68
68 71 108 109
34 52 69 71
56 69 100 109
28 52 57 69
12 34 48 56
