99
2525 1
2400 5
300 2
120 60
60 90
425458669 1
251236918 1441
539399168 1
420557938 3024
722522851 1
167453556 6770
27403826 1
20202198 4098
595564214 1
415617939 8770
179743142 1
18569256 6877
72762783 1
4060061 3533
669045076 1
493978827 5197
641659856 1
235619883 6262
71946586 1
40890258 9829
29864744 1
15599266 8471
189224348 1
21546800 1724
509774681 1
168728652 4442
585399945 1
229964055 5256
425244196 1
80523087 7312
729379755 1
247603493 9635
200000 2
5000 5
5001 1
729109415 1
13963015 9150
70838223 1
18552097 6776
494536398 1
4597824 1451
71539465 1
52861865 662
913320581 1
477370481 8045
345541134 1
44670003 9959
731690559 1
498418829 8978
1000000000 1
999999999 1
551828078 1
267338860 6420
242976130 1
65549436 961
93145880 1
93013001 2897
422052733 1
44015162 3964
416938872 1
306815561 9492
573154536 1
551123459 6838
688532921 1
634548200 5249
179465066 1
98971488 7403
485502960 1
334940320 9487
583251286 1
44586493 2060
795424029 1
541710875 641
116868283 1
104371792 7269
896196306 1
873341437 1733
372219708 1
197473236 3657
352702726 1
70225911 6342
607355157 1
89213325 7798
697066756 1
237194620 8758
21320063 1
12574040 693
645503091 1
265674522 2798
1000000000 1
999999999 10000
855176827 1
179465701 2805
385175924 1
138214441 9550
801705775 1
113145587 2979
421940786 1
383867527 4186
1000000000 2
12345675 3
12345676 2
41421790 2
31096223 1055
14591678 5608
854249253 1
826834615 9498
829532026 1
102804014 6563
912143646 1
715539530 2959
614710785 1
459464610 519
439976008 1
142684499 3693
2 1
1 1
961831876 1
488480773 5404
1000000000 2
1 3
2 2
1000000000 2
998000000 1
999000000 1
897132696 1
143183639 7717
641607936 1
496547132 2633
1000000000 2
998000000 10000
999000000 10000
1000000000 2
999999997 2
999999996 3
149936251 1
96883461 1618
877280923 1
69288462 1995
941922448 1
863566023 8351
628581303 1
607325069 4628
376080411 1
32621472 8282
760932958 1
548566091 408
593359601 1
281081145 1180
786621390 2
206397499 847
556855308 6781
607502542 1
142751133 5924
310222458 1
258130322 6252
942881085 1
698288223 536
607209581 1
298478171 7082
533198334 1
213516456 6221
992398794 1
601129414 3768
1000000000 2
999999998 2
999999997 3
240612532 1
86248537 2206
53067598 1
16176364 5561
390236078 1
251991835 7964
223394876 1
31877775 8585
973339754 1
294719573 4853
264625843 1
203985051 4581
70925191 1
47389833 2528
233650139 1
94878372 5279
1000000000 1
1 10000
13622567 1
2027442 8561
153559945 1
32674702 1902
1000000000 2
999999999 2
999999998 3
353764860 1
123977338 2433
1000000000 2
100 10000
200 10000
2 1
1 10000
1000000000 1
1 1
431470979 1
326237196 2410
333614409 1
137322367 3394
